image: marsyard_updated_v5.pgm
resolution: 0.050000
origin: [-30.704334, -30.03319, 0.000000]
negate: 0
occupied_thresh: 0.65
free_thresh: 0.196

